user@hrk1-lhp-A05435:~/work/study/threads$ ./threads 100 2000
Expected execution time of each thread: 2000 microsecs
Difference between expected sleep time and real time (microseconds):
21.23865.2141 
57.5669 
43.5229 
60.228 
 
61.89450.7219 
 
65.7271 
88.314958.406 
59.011 
79.78 
70.635 
58.7151 
58.592 
60.472946.27570.350157.5569 
 
 
 
41.098 
72.5569 
58.59359.282 
 
117.931 
100.342 
47.324 
146.293 
61.748 
88.2781 
 
65.0491 
61.583 
148.565 
105.898 
59.7959 
35.501 
53.61361.7219 
 
35.6219 
62.8369 
38.83 
73.1189 
60.157 
45.547 
61.5581 
67.1499 
72.0901 
60.6621 
45.066 
74.2971 
58.6799 
58.9021 
41.932 
125.923 
25.77743.072 
87.8721 
145.688 
 
59.26 
149.92 
62.1851 
68.0891 
49.3799 
56.3721 
68.802 
66.491 
59.106 
68.7151 
68.909960.041 
59.5371 
94.199 
58.448 
43.4091 
78.4819 
 
61.02 
27.799 
61.4241 
58.7891 
66.4771 
42.266 
42.974 
41.0081 
82.0291 
62.065948.0549 
62.897 
 
61.686 
64.5601 
83.499 
63.583 
130.195 
173.835 
217.095 
710.302 
2095.33 
2132.47 
2104.54 
2197.13 
2256.86 
2514.21
